9788202738587
9788203365874
9788205541498
9788269291421
9788202791803
9788234705519
9788283731545
9780241389317
9788242976482
9788248915386
9788202672515
9788202617073
9788283731675
9788202738297
9788283570892
9788242965554
9788283571448
9788205562356
9788284310237
9788203378522
9788242970923
9788202733544
9788202756895
9788293346715
9788205532236
9788202786212
9788205482852
9788203395529
9788284010793
9788242976468
9788203366079
9788203399787
9788203396236
9788202345488
9788202794293
9788205541474
9788202789572
9788283571295
9788269291407
9788242966674
9788203395512
9788202527938
9788202766429
9788234717376
9788242978417
9788205531529
9788202784874
9788283571288
9788202730604
9788202722975
9788234717383
9788205493049
9788205555112
9788205588844
9788205532212
9788203399800
9788283730814
9788203399657
9788242978233
9788202789565
9788202714451
9788242970954
9788202788278
9788202722944
9788205523852
9788203396984
9788202635053
9788283731125
9788283731002
9788283571066
9788205531178
9788202788292
9788202794316
9788205562240
9788242975584
9788202758271
9788248922674
9788283730951
9788205539518
9788283730050
9788205588783
9788242959911
9788283731835
9788202732110
9788205531536
9788203394942
9788205520417
9788203394836
9788202600273
9788202722951
9788202791797
9788293346937
9788242970947
9788283731699
9788202794705
9788203267468
9788242975140
9788202733551
9788202701734
9788283731514
9788242975218
9788283731538
9788202784713
9788242970916
9788202767334
9788241951237
9788248926474
9788202666255
9788241960697
9788242976475
9788248922681
9788248919339
9788202786236
9788248917151
9788205551060
9788202695002
9788202758264
9788241953880
9788242975621
9788284310183
9788203265358
9788203394850
9788242975607
9788241953897
9788283571080
9788248912620
9788202658564
9788242969675
9788284010779
9788202635015
9788241953156
9788242965547
9788202672508
9788202692476
9788284420714
9788205577411
9788241918377
9788202733063
9788205555129
9788283571455
9788202794552
9788202730864
9788202800642
9788242970961
9788203365775
9788283731217
9788248917922
9788202365684
9788205544208
9788284010786
9788202620707
9788205500518
9788202772727
9788205514478
9788203399817
9788205521544
9788242976178
9788284010809
9788283571462
9788269295429
9788203396168
9788202672522
9788242978240
9788283570915
9788283571271
9788242975164
9788202597276
9788242975157
9788234716812
9788205551022
9781786064059
9781789464726
9781789464801
9781789461206
9781789464757
9781789464948
9781789460674
9781786068866
9781789465716
9781338315172
9780702329364
9780702329371
9780702329357
9780702329333
9780702333705
9780702328732
9780702329340